other scrapethissite.com g_002 hockey_Goals_For
24 582 582
"https://www.scrapethissite.com/pages/forms/?page_num=1" 25 299	292	344	284	273	272	238	340	256	273	272	223	297	252	342	236	310	241	243	258	260	270	289	296	257
"https://www.scrapethissite.com/pages/forms/?page_num=2" 25 320	295	247	287	246	267	289	291	321	252	343	255	219	279	234	285	330	251	332	335	322	279	369	242	284
"https://www.scrapethissite.com/pages/forms/?page_num=3" 25 338	272	326	308	335	304	202	319	367	351	218	282	245	288	346	325	322	229	289	282	302	254	286	356	261
"https://www.scrapethissite.com/pages/forms/?page_num=4" 25 233	227	294	283	306	282	299	201	294	299	277	252	270	224	280	279	277	245	125	150	130	163	156	136	180
"https://www.scrapethissite.com/pages/forms/?page_num=5" 25 136	115	127	142	125	136	126	139	117	150	181	185	129	178	120	135	153	136	157	234	282	247	241	273	326
"https://www.scrapethissite.com/pages/forms/?page_num=6" 25 227	325	240	254	237	256	265	215	229	272	191	282	362	252	219	238	247	278	234	275	245	234	237	214	223
"https://www.scrapethissite.com/pages/forms/?page_num=7" 25 277	252	253	252	221	226	214	249	231	240	258	226	274	240	285	211	236	217	230	257	214	205	221	211	217
"https://www.scrapethissite.com/pages/forms/?page_num=8" 25 200	192	231	242	250	215	203	227	235	225	212	197	193	242	224	228	210	256	151	194	224	219	215	214	207
"https://www.scrapethissite.com/pages/forms/?page_num=9" 25 211	210	202	239	236	245	230	210	189	184	190	248	194	217	239	231	205	242	196	237	179	268	192	200	217
"https://www.scrapethissite.com/pages/forms/?page_num=10" 25 170	210	213	211	217	242	233	211	278	226	244	245	196	199	251	194	218	244	237	232	241	225	248	204	246
"https://www.scrapethissite.com/pages/forms/?page_num=11" 25 227	227	188	211	227	218	197	212	190	210	270	241	253	243	200	252	168	206	186	295	185	250	274	240	214
"https://www.scrapethissite.com/pages/forms/?page_num=12" 25 281	217	249	201	232	239	233	175	187	236	213	201	217	164	216	212	215	251	205	180	214	195	207	196	205
"https://www.scrapethissite.com/pages/forms/?page_num=13" 25 239	227	243	234	228	198	248	227	178	249	254	228	203	226	245	190	186	171	213	207	251	245	269	231	176
"https://www.scrapethissite.com/pages/forms/?page_num=14" 25 203	198	206	183	216	224	210	263	211	204	189	214	253	219	236	264	224	184	214	209	220	200	172	177	188
"https://www.scrapethissite.com/pages/forms/?page_num=15" 25 236	194	255	221	188	205	188	208	216	213	237	206	262	229	188	190	219	191	245	242	235	186	254	281	230
"https://www.scrapethissite.com/pages/forms/?page_num=16" 25 281	218	294	223	211	283	265	305	256	240	249	231	243	259	242	230	257	314	267	246	244	266	197	252	257
"https://www.scrapethissite.com/pages/forms/?page_num=17" 25 256	237	258	246	219	308	258	241	201	201	272	226	254	195	247	227	235	245	272	216	248	242	288	214	216
"https://www.scrapethissite.com/pages/forms/?page_num=18" 25 277	258	214	253	258	222	235	205	216	212	255	229	252	193	239	231	242	257	235	216	231	223	262	230	206
"https://www.scrapethissite.com/pages/forms/?page_num=19" 25 194	213	261	248	214	247	222	205	223	231	213	242	245	257	274	250	254	239	226	264	199	230	295	234	234
"https://www.scrapethissite.com/pages/forms/?page_num=20" 25 207	219	249	213	244	201	210	217	264	208	264	257	233	210	250	246	272	238	234	206	235	204	230	216	271
"https://www.scrapethissite.com/pages/forms/?page_num=21" 25 244	237	229	214	208	241	219	217	225	222	222	222	225	236	225	257	264	225	217	214	272	318	239	223	246
"https://www.scrapethissite.com/pages/forms/?page_num=22" 25 245	250	236	215	258	227	227	261	193	195	219	206	216	219	174	229	233	192	259	231	238	248	240	247	218
"https://www.scrapethissite.com/pages/forms/?page_num=23" 25 262	224	204	269	218	202	213	202	248	208	211	248	212	203	194	177	212	237	228	203	226	249	264	216	282
"https://www.scrapethissite.com/pages/forms/?page_num=24" 7 228	210	235	231	249	222	225
